1  2  3 4  5  6 7 8  9 0 1  2  3 4  5  6 7 8  9 0 1  2  3 4  5  6 7 8  9 0 1  2  3 4  5  6 7 8  9 0 1  2  3 4  5  6 7 8  9 0
人头目眉鼻耳口牙舌心手足身一二三四五六七八九十马牛羊鱼虫鸟天日月云风雨雪雷电田木米果瓜禾苗森林石亭花
草山叶竹水土方圆尖大小高长弓刀勺面豆气分半点出入例外开关多少上下弯直来去吃喝吐立坐走飞看问哭笑车门井
伞包布皮书画灯光衣裙袜裤鞋帽毛巾工厂灭火灰尘家爷奶妈爸哥弟姐妹我你男女前后左右东西南北中宋郑李徐刘陈
吴郭赵胡章婆伯叔姨阿视迷球国京兴空发脸孔眼睛朵齿嘴巴双脚腿铃正腰好您请茶给孩儿们和不见喊纱回今午读题
图线圈号课骑钓枪汤肉芽冬柿条饭铺玉梅苹糕床他她是就辆张盏件块本个颗只支服红黄黑绿蓝围色生窗未袋偶爱剪
1  2  3 4  5  6 7 8  9 0 1  2  3 4  5  6 7 8  9 0 1  2  3 4  5  6 7 8  9 0 1  2  3 4  5  6 7 8  9 0 1  2  3 4  5  6 7 8  9 0
箱角台背机器吸汽炮箭兵类极滑冷痰向现很羽过亮乌打刮滴把闪路进退底青蛙这桥子树河地麦消害许房做盆片竿短
坡散边蛋要用太阳的真更溪碧鲜艳早晨旁在美丽燕有还白枝了样院久没班级借知识算魔术讲完成拿着老师事故听懂
趣得觉起始专朋友象踢庭亲能够游泳盼望跑步蹦跳唱歌活泼快乐那些像什么怎病都想学校排队穿旗升城广播星送礼
敬最响声祖说到瞧也菜额卷紧唇饱同岁拖饿擦汗帮助干净明聪夸奖自己年龄卡贺彩虹慢岭荷变化蝴蝶舞蹈梦乡吞湖
颜再洗谁呢比赛对市节季春夏秋枯笔烈遮挡撑落降秘密取暖泥堆从滚玻璃常非鸭等于带斤江终猫爪买尺捉虾猴戏作

